2025-01-26 17:53:52.340562
23.00	53.00	312	334	594
23.00	53.00	318	343	611
23.00	53.00	319	344	608
23.00	53.00	318	344	604
23.00	53.00	318	343	594
23.00	53.00	319	343	593
23.00	53.00	322	343	588
23.00	53.00	324	344	589
23.00	53.00	327	343	599
23.00	53.00	326	343	602
23.00	53.00	330	343	611
23.00	53.00	330	343	612
23.00	53.00	328	343	608
23.00	53.00	329	344	605
23.00	53.00	325	343	594
23.00	53.00	318	342	598
23.00	53.00	327	343	608
23.00	53.00	328	344	589
23.00	53.00	318	344	611
23.00	53.00	324	344	595
23.00	53.00	329	342	598
23.00	53.00	321	343	608
23.00	53.00	320	343	589
23.00	53.00	329	343	611
23.00	53.00	324	342	596
23.00	53.00	318	343	596
23.00	53.00	327	343	609
23.00	53.00	328	343	589
23.00	53.00	317	343	611
23.00	53.00	324	344	595
23.00	53.00	329	343	597
23.00	53.00	321	344	609
23.00	53.00	321	344	590
23.00	53.00	329	343	611
23.00	53.00	325	344	595
23.00	53.00	317	343	598
23.00	53.00	328	343	609
23.00	53.00	327	342	589
23.00	53.00	318	344	611
23.00	53.00	325	343	596
23.00	53.00	328	343	598
23.00	53.00	320	342	610
23.00	53.00	320	343	589
23.00	53.00	329	342	611
23.00	53.00	325	343	597
23.00	53.00	318	344	598
23.00	53.00	328	344	609
23.00	53.00	328	343	589
23.00	53.00	317	344	610
23.00	53.00	325	342	598
23.00	53.00	329	344	598
23.00	53.00	321	344	609
23.00	53.00	321	344	590
23.00	53.00	330	344	610
23.00	53.00	326	345	597
23.00	53.00	318	344	597
23.00	53.00	328	344	610
23.00	53.00	328	343	591
23.00	53.00	319	344	611
23.00	53.00	325	343	598
23.00	53.00	329	343	597
23.00	53.00	321	344	611
23.00	53.00	321	344	591
23.00	53.00	330	343	611
23.00	53.00	325	344	597
23.00	53.00	318	344	597
23.00	53.00	328	343	611
23.00	53.00	328	344	591
23.00	53.00	318	343	611
23.00	53.00	326	342	597
23.00	53.00	330	344	598
23.00	53.00	320	344	611
23.00	53.00	321	343	591
23.00	53.00	329	343	609
23.00	53.00	326	344	598
23.00	53.00	318	344	597
23.00	53.00	328	344	611
23.00	53.00	328	343	590
23.00	53.00	319	344	610
23.00	53.00	325	344	599
22.90	53.00	315	334	589
22.90	53.00	324	342	603
22.90	53.00	322	344	611
22.90	53.00	321	343	611
22.90	53.00	320	343	607
22.90	53.00	321	343	589
22.90	53.00	329	344	608
22.90	53.00	324	342	598
22.90	53.00	317	343	595
22.90	53.00	328	344	610
22.90	53.00	328	343	590
22.90	53.00	317	343	609
22.90	53.00	325	343	599
22.90	53.00	328	344	596
22.90	53.00	320	343	611
22.90	53.00	321	343	590
22.90	53.00	328	343	609
22.90	53.00	325	343	598
22.90	53.00	317	343	595
22.90	53.00	328	343	612
22.90	53.00	328	344	590
22.90	53.00	318	343	608
22.90	53.00	325	343	598
22.90	53.00	329	343	595
22.90	53.00	320	344	611
22.90	53.00	321	343	589
22.90	53.00	330	343	608
22.90	53.00	325	343	599
22.90	53.00	318	343	595
22.90	53.00	328	343	611
22.90	53.00	328	344	590
22.90	53.00	318	342	608
22.90	53.00	326	344	600
22.90	53.00	329	343	596
22.90	53.00	320	343	611
22.90	53.00	322	344	590
22.90	53.00	329	343	608
22.90	53.00	324	343	600
22.90	53.00	318	343	595
22.90	53.00	328	344	611
22.90	53.00	328	344	590
22.90	53.00	317	344	608
22.90	53.00	326	344	600
22.90	53.00	329	343	595
22.90	53.00	320	344	612
22.90	53.00	322	344	591
22.90	53.00	330	344	609
22.90	53.00	324	344	601
22.90	53.00	319	343	596
22.90	53.00	329	344	612
22.90	53.00	328	343	591
22.90	53.00	318	343	607
22.90	53.00	326	344	600
22.90	53.00	330	344	596
22.90	53.00	320	344	612
22.90	53.00	322	344	591
22.90	53.00	330	343	607
22.90	53.00	324	344	601
22.90	53.00	319	343	595
22.90	53.00	329	344	612
22.90	53.00	328	344	591
22.90	53.00	318	344	608
22.90	53.00	326	343	601
22.90	53.00	329	344	595
22.90	53.00	320	344	612
22.90	53.00	321	344	591
22.90	53.00	330	344	608
22.90	53.00	325	343	601
22.90	53.00	319	344	595
22.90	53.00	329	344	612
22.90	53.00	328	343	591
22.90	53.00	318	343	607
22.90	53.00	326	344	601
22.90	53.00	329	343	595
22.90	53.00	320	343	612
22.90	53.00	323	344	592
22.90	53.00	330	344	607
22.90	53.00	324	344	602
22.90	53.00	320	334	592
22.90	53.00	327	343	613
22.90	53.00	328	342	612
22.90	53.00	328	344	603
22.90	53.00	329	342	601
22.90	53.00	326	343	590
22.90	53.00	317	344	606
22.90	53.00	326	344	602
22.90	53.00	328	343	594
22.90	53.00	319	344	613
22.90	53.00	322	344	590
22.90	53.00	329	343	606
22.90	53.00	323	343	601
22.90	53.00	318	342	593
22.90	53.00	328	343	612
22.90	53.00	326	343	590
22.90	53.00	317	344	605
22.90	53.00	325	343	601
22.90	53.00	329	343	594
22.90	53.00	319	343	612
22.90	53.00	322	344	591
22.90	53.00	329	343	605
22.90	53.00	323	344	602
22.90	53.00	319	342	593
22.90	53.00	329	344	613
22.90	53.00	327	344	591
22.90	53.00	317	344	605
22.90	53.00	327	344	603
22.90	53.00	328	343	593
22.90	53.00	320	343	612
22.90	53.00	322	343	590
22.90	53.00	329	343	605
22.90	53.00	323	343	604
22.90	53.00	319	343	593
22.90	53.00	329	344	613
22.90	53.00	328	344	591
22.90	53.00	318	344	604
22.90	53.00	327	344	603
22.90	53.00	329	343	593
22.90	53.00	319	343	612
22.90	53.00	323	344	591
22.90	53.00	330	344	605
22.90	53.00	323	343	603
22.90	53.00	319	343	593
22.90	53.00	329	343	613
22.90	53.00	327	344	592
22.90	53.00	317	343	604
22.90	53.00	327	344	605
22.90	53.00	329	344	594
22.90	53.00	319	344	613
22.90	53.00	323	344	592
22.90	53.00	330	343	605
22.90	53.00	324	344	605
22.90	53.00	320	344	593
22.90	53.00	329	344	614
22.90	53.00	328	344	593
22.90	53.00	318	344	605
22.90	53.00	326	344	604
22.90	53.00	329	345	594
22.90	53.00	319	344	613
22.90	53.00	323	343	592
22.90	53.00	329	345	604
22.90	53.00	323	344	605
22.90	53.00	320	345	593
22.90	53.00	329	343	613
22.90	53.00	327	344	593
22.90	53.00	317	344	604
22.90	53.00	327	343	605
22.90	53.00	329	343	593
22.90	53.00	319	343	614
22.90	53.00	323	343	593
22.90	53.00	329	344	603
22.90	53.00	323	343	605
22.90	53.00	320	343	593
22.90	53.00	329	344	613
22.90	53.00	327	343	592
22.90	53.00	317	344	604
22.90	53.00	327	344	605
23.00	53.00	313	334	593
23.00	53.00	321	343	608
23.00	53.00	318	342	612
23.00	53.00	318	343	610
23.00	53.00	318	343	600
23.00	53.00	323	344	591
23.00	53.00	329	343	603
23.00	53.00	322	343	604
23.00	53.00	319	343	592
23.00	53.00	328	343	613
23.00	53.00	327	344	593
23.00	53.00	317	343	602
23.00	53.00	327	344	605
23.00	53.00	329	343	593
23.00	53.00	318	343	612
23.00	53.00	323	343	592
23.00	53.00	329	343	601
23.00	53.00	322	343	604
23.00	53.00	320	344	592
23.00	53.00	329	344	613
23.00	53.00	326	343	593
23.00	53.00	317	343	603
23.00	53.00	326	343	604
23.00	53.00	329	343	591
23.00	53.00	318	343	612
23.00	53.00	324	343	592
23.00	53.00	329	344	602
23.00	53.00	323	343	605
23.00	53.00	320	344	592
23.00	53.00	329	344	613
23.00	53.00	326	343	593
23.00	53.00	317	342	602
23.00	53.00	327	344	606
23.00	53.00	329	344	593
23.00	53.00	318	343	612
23.00	53.00	323	344	593
23.00	53.00	329	344	601
23.00	53.00	323	343	605
23.00	53.00	319	343	592
23.00	53.00	329	342	612
23.00	53.00	326	344	593
23.00	53.00	317	343	603
23.00	53.00	327	343	605
23.00	53.00	329	342	591
23.00	53.00	319	344	613
23.00	53.00	324	344	594
23.00	53.00	330	344	603
23.00	53.00	323	344	606
23.00	53.00	320	343	592
23.00	53.00	329	345	613
23.00	53.00	327	344	593
23.00	53.00	318	344	604
23.00	53.00	327	344	606
23.00	53.00	329	343	591
23.00	53.00	319	344	613
23.00	53.00	324	344	593
23.00	53.00	330	344	602
23.00	53.00	323	343	607
23.00	53.00	320	344	592
23.00	53.00	330	344	614
23.00	53.00	326	343	593
23.00	53.00	318	344	603
23.00	53.00	328	344	607
23.00	53.00	329	344	591
23.00	53.00	320	344	614
23.00	53.00	324	343	593
23.00	53.00	330	343	602
23.00	53.00	322	344	607
23.00	53.00	320	343	592
23.00	53.00	329	344	613
23.00	53.00	327	344	593
23.00	53.00	318	344	601
23.00	53.00	327	344	607
23.00	53.00	329	343	591
23.00	53.00	320	344	613
23.00	53.00	324	344	593
23.00	53.00	330	344	603
23.00	53.00	322	344	606
22.90	52.00	320	335	596
22.90	52.00	328	344	612
22.90	52.00	331	342	609
22.90	52.00	329	344	598
22.90	52.00	331	343	596
22.90	52.00	326	343	594
22.90	52.00	317	343	601
22.90	52.00	327	343	606
22.90	52.00	328	342	591
22.90	52.00	317	343	612
22.90	52.00	324	342	593
22.90	52.00	329	343	600
22.90	52.00	322	342	607
22.90	52.00	320	344	591
22.90	52.00	329	343	612
22.90	52.00	326	344	594
22.90	52.00	317	343	600
22.90	52.00	327	344	607
22.90	52.00	328	343	590
22.90	52.00	318	343	611
22.90	52.00	324	343	595
22.90	52.00	329	343	600
22.90	52.00	322	343	607
22.90	52.00	320	343	592
22.90	52.00	330	344	613
22.90	52.00	326	343	594
22.90	52.00	318	344	600
22.90	52.00	328	343	607
22.90	52.00	329	343	591
22.90	52.00	319	344	613
22.90	52.00	324	344	594
22.90	52.00	330	344	600
22.90	52.00	322	344	607
22.90	52.00	320	343	592
22.90	52.00	329	343	612
22.90	52.00	326	343	595
22.90	52.00	318	343	601
22.90	52.00	328	344	607
22.90	52.00	328	343	592
22.90	52.00	318	343	612
22.90	52.00	324	344	595
22.90	52.00	329	343	600
22.90	52.00	321	343	607
22.90	52.00	320	343	591
22.90	52.00	329	345	613
22.90	52.00	326	343	595
22.90	52.00	318	344	601
22.90	52.00	328	344	609
22.90	52.00	329	343	591
22.90	52.00	319	343	613
22.90	52.00	325	343	596
22.90	52.00	330	343	601
22.90	52.00	322	343	609
22.90	52.00	321	344	591
22.90	52.00	330	344	613
22.90	52.00	326	343	595
22.90	52.00	318	343	600
22.90	52.00	328	345	609
22.90	52.00	329	344	592
22.90	52.00	319	344	612
22.90	52.00	325	345	595
22.90	52.00	330	344	600
22.90	52.00	322	344	608
22.90	52.00	320	343	590
22.90	52.00	329	343	613
22.90	52.00	327	344	595
22.90	52.00	318	344	600
22.90	52.00	328	343	608
22.90	52.00	329	343	592
22.90	52.00	319	344	613
22.90	52.00	325	344	596
22.90	52.00	329	343	600
22.90	52.00	322	343	609
22.90	52.00	321	343	591
22.90	52.00	330	343	613
22.90	52.00	326	343	596
22.90	52.00	318	343	600
22.90	52.00	328	344	609
22.90	52.00	311	334	595
22.90	52.00	320	343	612
22.90	52.00	318	343	611
22.90	52.00	318	343	606
22.90	52.00	318	343	596
22.90	52.00	325	343	595
22.90	52.00	329	344	598
22.90	52.00	321	343	609
22.90	52.00	320	344	590
22.90	52.00	329	343	611
22.90	52.00	326	342	595
22.90	52.00	318	343	598
22.90	52.00	327	344	608
22.90	52.00	328	343	590
22.90	52.00	317	343	610
22.90	52.00	324	343	595
22.90	52.00	330	344	599
22.90	52.00	321	344	609
22.90	52.00	320	342	590
22.90	52.00	329	343	611
22.90	52.00	325	344	595
22.90	52.00	318	343	599
22.90	52.00	327	344	608
22.90	52.00	328	343	590
22.90	52.00	318	344	611
22.90	52.00	324	343	595
22.90	52.00	330	344	599
22.90	52.00	321	344	608
22.90	52.00	321	344	591
22.90	52.00	329	343	611
22.90	52.00	326	343	595
22.90	52.00	318	344	598
22.90	52.00	328	344	609
22.90	52.00	328	344	590
22.90	52.00	319	344	611
22.90	52.00	325	344	596
22.90	52.00	330	344	598
22.90	52.00	321	344	609
22.90	52.00	321	344	590
22.90	52.00	329	343	611
22.90	52.00	325	343	596
22.90	52.00	318	344	598
22.90	52.00	328	344	610
22.90	52.00	328	343	590
22.90	52.00	319	344	612
22.90	52.00	325	343	598
22.90	52.00	329	343	599
22.90	52.00	322	343	611
22.90	52.00	322	344	591
22.90	52.00	330	344	612
22.90	52.00	326	344	597
22.90	52.00	319	344	599
22.90	52.00	328	344	610
22.90	52.00	329	343	590
22.90	52.00	319	344	611
22.90	52.00	325	345	596
22.90	52.00	329	344	598
22.90	52.00	322	344	610
22.90	52.00	322	344	591
22.90	52.00	330	344	612
22.90	52.00	326	344	597
22.90	52.00	318	344	599
22.90	52.00	329	344	610
22.90	52.00	329	343	592
22.90	52.00	318	344	611
22.90	52.00	325	344	598
22.90	52.00	329	344	598
22.90	52.00	322	343	611
22.90	52.00	321	344	590
22.90	52.00	330	343	612
22.90	52.00	326	344	597
22.90	52.00	318	344	598
22.90	52.00	329	344	611
22.90	52.00	329	344	591
22.90	52.00	319	343	612
22.90	52.00	325	344	598
22.90	52.00	330	343	598
22.90	52.00	322	344	610
23.00	52.00	320	335	595
23.00	52.00	330	343	608
23.00	52.00	331	344	604
23.00	52.00	331	343	595
23.00	52.00	329	344	593
23.00	52.00	325	343	596
23.00	52.00	318	343	597
23.00	52.00	328	342	610
23.00	52.00	329	343	590
23.00	52.00	318	343	611
23.00	52.00	325	343	598
23.00	52.00	330	344	597
23.00	52.00	321	343	610
23.00	52.00	321	343	590
23.00	52.00	329	343	610
23.00	52.00	325	343	597
23.00	52.00	318	344	598
23.00	52.00	327	343	609
23.00	52.00	328	343	589
23.00	52.00	317	344	610
23.00	52.00	325	343	598
23.00	52.00	330	344	597
23.00	52.00	320	343	610
23.00	52.00	321	343	590
23.00	52.00	329	343	611
23.00	52.00	325	342	598
23.00	52.00	318	343	598
23.00	52.00	327	343	611
23.00	52.00	329	344	590
23.00	52.00	317	343	610
23.00	52.00	326	342	598
23.00	52.00	329	343	597
23.00	52.00	321	344	610
23.00	52.00	321	343	590
23.00	52.00	329	343	610
23.00	52.00	326	343	598
23.00	52.00	319	344	597
23.00	52.00	328	343	610
23.00	52.00	329	343	590
23.00	52.00	318	344	610
23.00	52.00	325	343	597
23.00	52.00	329	344	597
23.00	52.00	321	344	610
23.00	52.00	321	343	590
23.00	52.00	329	344	611
23.00	52.00	325	343	597
23.00	52.00	318	343	598
23.00	52.00	329	344	610
23.00	52.00	329	343	590
23.00	52.00	318	344	612
23.00	52.00	325	344	598
23.00	52.00	329	344	598
23.00	52.00	321	344	610
23.00	52.00	321	343	591
23.00	52.00	330	344	611
23.00	52.00	326	344	598
23.00	52.00	318	343	598
23.00	52.00	329	344	611
23.00	52.00	329	344	591
23.00	52.00	319	344	611
23.00	52.00	326	344	598
23.00	52.00	330	343	599
23.00	52.00	321	344	611
23.00	52.00	321	344	590
23.00	52.00	330	343	612
23.00	52.00	326	345	598
23.00	52.00	319	343	598
23.00	52.00	329	344	611
23.00	52.00	329	344	592
23.00	52.00	318	344	612
23.00	52.00	326	345	598
23.00	52.00	330	344	599
23.00	52.00	321	344	612
23.00	52.00	322	343	591
23.00	52.00	330	343	612
23.00	52.00	326	344	599
23.00	52.00	319	343	598
23.00	52.00	329	343	612
23.00	52.00	311	334	597
23.00	52.00	320	343	613
23.00	52.00	320	343	606
23.00	52.00	318	344	603
23.00	52.00	321	343	594
23.00	52.00	326	344	597
23.00	52.00	329	343	597
23.00	52.00	320	343	611
23.00	52.00	321	343	590
23.00	52.00	329	342	611
23.00	52.00	325	343	597
23.00	52.00	318	343	597
23.00	52.00	328	344	610
23.00	52.00	328	342	590
23.00	52.00	318	344	610
23.00	52.00	325	344	597
23.00	52.00	329	343	597
23.00	52.00	321	344	611
23.00	52.00	321	343	590
23.00	52.00	329	343	610
23.00	52.00	325	343	598
23.00	52.00	318	343	597
23.00	52.00	327	343	610
23.00	52.00	328	343	591
23.00	52.00	318	344	610
23.00	52.00	325	344	598
23.00	52.00	329	344	597
23.00	52.00	321	343	610
23.00	52.00	321	344	590
23.00	52.00	329	343	611
23.00	52.00	325	343	598
23.00	52.00	318	343	596
23.00	52.00	328	343	611
23.00	52.00	328	344	590
23.00	52.00	318	343	611
23.00	52.00	325	344	598
23.00	52.00	330	343	597
23.00	52.00	321	343	611
23.00	52.00	321	344	590
23.00	52.00	329	343	609
23.00	52.00	325	343	598
23.00	52.00	318	343	596
23.00	52.00	329	344	611
23.00	52.00	329	344	591
23.00	52.00	318	343	611
23.00	52.00	325	343	599
23.00	52.00	330	344	598
23.00	52.00	321	344	611
23.00	52.00	322	344	591
23.00	52.00	329	344	610
23.00	52.00	326	344	600
23.00	52.00	318	343	598
23.00	52.00	329	344	611
23.00	52.00	329	343	591
23.00	52.00	319	344	611
23.00	52.00	326	344	599
23.00	52.00	330	345	598
23.00	52.00	321	344	611
23.00	52.00	322	343	591
23.00	52.00	330	344	610
23.00	52.00	326	344	600
23.00	52.00	319	344	597
23.00	52.00	328	343	612
23.00	52.00	329	343	591
23.00	52.00	319	344	610
23.00	52.00	326	344	599
23.00	52.00	330	344	598
23.00	52.00	321	343	611
23.00	52.00	322	344	592
23.00	52.00	330	344	611
23.00	52.00	325	344	599
23.00	52.00	319	343	597
23.00	52.00	329	344	611
23.00	52.00	328	343	592
23.00	52.00	318	344	610
23.00	52.00	326	343	598
23.00	52.00	330	344	597
23.00	52.00	321	343	611
23.00	52.00	321	335	596
23.00	52.00	328	342	612
23.00	52.00	328	344	608
23.00	52.00	329	344	599
23.00	52.00	331	344	596
23.00	52.00	325	344	598
23.00	52.00	318	343	596
23.00	52.00	327	344	610
23.00	52.00	328	343	590
23.00	52.00	317	343	610
23.00	52.00	326	343	598
23.00	52.00	330	343	597
23.00	52.00	320	343	611
23.00	52.00	321	343	590
23.00	52.00	329	343	610
23.00	52.00	325	343	598
23.00	52.00	319	343	596
23.00	52.00	328	344	610
23.00	52.00	328	344	590
23.00	52.00	317	343	609
23.00	52.00	325	343	599
23.00	52.00	328	343	596
23.00	52.00	321	344	611
23.00	52.00	321	343	590
23.00	52.00	330	343	611
23.00	52.00	325	344	598
23.00	52.00	318	342	597
23.00	52.00	329	344	611
23.00	52.00	328	343	590
23.00	52.00	318	344	611
23.00	52.00	325	344	599
23.00	52.00	330	343	597
23.00	52.00	321	344	612
23.00	52.00	321	344	590
23.00	52.00	330	342	611
23.00	52.00	325	343	599
23.00	52.00	318	343	596
23.00	52.00	329	343	611
23.00	52.00	328	344	590
23.00	52.00	318	343	610
23.00	52.00	326	344	600
23.00	52.00	330	344	597
23.00	52.00	321	344	611
23.00	52.00	321	344	590
23.00	52.00	330	344	610
23.00	52.00	326	343	600
23.00	52.00	319	345	597
23.00	52.00	329	343	611
23.00	52.00	329	343	591
23.00	52.00	318	344	610
23.00	52.00	326	344	599
23.00	52.00	330	344	598
23.00	52.00	321	343	612
23.00	52.00	323	344	591
23.00	52.00	330	344	610
23.00	52.00	326	344	600
23.00	52.00	319	343	597
23.00	52.00	329	344	611
23.00	52.00	329	344	591
23.00	52.00	319	345	611
23.00	52.00	326	344	600
23.00	52.00	330	344	598
23.00	52.00	321	343	611
23.00	52.00	322	344	591
23.00	52.00	330	344	610
23.00	52.00	325	343	599
23.00	52.00	319	344	597
23.00	52.00	329	344	612
23.00	52.00	329	343	591
23.00	52.00	318	344	610
23.00	52.00	325	343	599
23.00	52.00	330	344	597
23.00	52.00	322	343	612
23.00	52.00	322	344	591
23.00	52.00	330	343	611
23.00	52.00	325	343	599
23.00	52.00	319	343	598
23.00	52.00	329	344	611
23.00	51.00	311	334	595
23.00	51.00	320	344	612
23.00	51.00	319	343	605
23.00	51.00	319	343	602
23.00	51.00	320	343	593
23.00	51.00	326	343	599
23.00	51.00	329	344	596
23.00	51.00	321	344	611
23.00	51.00	321	344	590
23.00	51.00	329	343	611
23.00	51.00	325	344	597
23.00	51.00	318	342	596
23.00	51.00	329	342	612
23.00	51.00	328	344	589
23.00	51.00	318	343	609
23.00	51.00	325	344	599
23.00	51.00	329	343	597
23.00	51.00	320	343	611
23.00	51.00	321	344	590
23.00	51.00	329	344	609
23.00	51.00	326	343	600
23.00	51.00	318	342	597
23.00	51.00	329	343	612
23.00	51.00	329	343	591
23.00	51.00	318	344	609
23.00	51.00	326	344	600
23.00	51.00	329	343	597
23.00	51.00	321	344	612
23.00	51.00	321	344	590
23.00	51.00	329	343	609
23.00	51.00	326	344	600
23.00	51.00	318	343	596
23.00	51.00	329	343	611
23.00	51.00	328	343	591
23.00	51.00	318	343	609
23.00	51.00	325	344	599
23.00	51.00	330	344	597
23.00	51.00	320	343	612
23.00	51.00	322	345	591
23.00	51.00	329	343	609
23.00	51.00	325	344	599
23.00	51.00	318	344	597
23.00	51.00	328	344	612
23.00	51.00	329	344	591
23.00	51.00	318	343	609
23.00	51.00	326	344	600
23.00	51.00	331	344	598
23.00	51.00	321	344	612
23.00	51.00	322	344	592
23.00	51.00	330	345	609
23.00	51.00	326	344	601
23.00	51.00	319	344	596
23.00	51.00	329	344	611
23.00	51.00	329	343	592
23.00	51.00	319	345	610
23.00	51.00	326	343	600
23.00	51.00	330	343	597
23.00	51.00	320	344	611
23.00	51.00	322	343	592
23.00	51.00	330	344	610
23.00	51.00	325	344	601
23.00	51.00	320	343	597
23.00	51.00	329	344	612
23.00	51.00	329	344	592
23.00	51.00	319	344	610
23.00	51.00	326	344	601
23.00	51.00	330	344	597
23.00	51.00	321	344	612
23.00	51.00	322	343	592
23.00	51.00	330	343	610
23.00	51.00	326	343	600
23.00	51.00	319	343	597
23.00	51.00	330	343	613
23.00	51.00	329	344	591
23.00	51.00	319	344	610
23.00	51.00	326	344	601
23.00	51.00	330	344	597
23.00	51.00	321	344	612
23.00	51.00	321	335	597
23.00	51.00	331	343	611
23.00	51.00	331	343	607
23.00	51.00	331	343	597
23.00	51.00	329	343	594
23.00	51.00	324	343	600
23.00	51.00	318	343	596
23.00	51.00	329	343	611
23.00	51.00	328	343	590
23.00	51.00	318	344	609
23.00	51.00	325	343	599
23.00	51.00	330	344	596
23.00	51.00	320	343	611
23.00	51.00	322	343	591
23.00	51.00	329	344	608
23.00	51.00	325	344	600
23.00	51.00	318	343	596
23.00	51.00	328	343	611
23.00	51.00	328	343	590
23.00	51.00	318	343	609
23.00	51.00	326	343	600
23.00	51.00	330	343	597
23.00	51.00	320	343	611
23.00	51.00	322	342	591
23.00	51.00	329	343	609
23.00	51.00	325	343	600
23.00	51.00	319	343	595
23.00	51.00	328	343	611
23.00	51.00	328	343	592
23.00	51.00	318	344	609
23.00	51.00	326	344	600
23.00	51.00	329	343	597
23.00	51.00	321	344	611
23.00	51.00	321	343	592
23.00	51.00	330	344	609
23.00	51.00	325	343	600
23.00	51.00	319	343	597
23.00	51.00	328	344	612
23.00	51.00	328	344	590
23.00	51.00	318	344	609
23.00	51.00	326	343	599
23.00	51.00	330	344	596
23.00	51.00	321	345	611
23.00	51.00	322	344	591
23.00	51.00	330	344	609
23.00	51.00	325	344	599
23.00	51.00	319	343	596
23.00	51.00	329	344	612
23.00	51.00	329	344	591
23.00	51.00	319	344	610
23.00	51.00	327	344	601
23.00	51.00	329	343	596
23.00	51.00	321	344	612
23.00	51.00	322	343	590
23.00	51.00	330	344	609
23.00	51.00	326	344	601
23.00	51.00	319	343	597
23.00	51.00	329	345	612
23.00	51.00	328	343	591
23.00	51.00	318	343	610
23.00	51.00	327	344	600
23.00	51.00	329	344	596
23.00	51.00	322	344	613
23.00	51.00	322	344	591
23.00	51.00	330	343	609
23.00	51.00	326	343	601
23.00	51.00	319	343	596
23.00	51.00	329	344	612
23.00	51.00	330	345	592
23.00	51.00	318	344	609
23.00	51.00	327	344	601
23.00	51.00	330	344	597
23.00	51.00	322	344	613
23.00	51.00	323	344	592
23.00	51.00	330	344	609
23.00	51.00	325	344	601
23.00	51.00	319	344	596
23.00	51.00	329	344	612
23.00	51.00	312	335	597
23.00	51.00	318	344	612
23.00	51.00	320	344	602
23.00	51.00	321	344	599
23.00	51.00	321	344	593
23.00	51.00	326	344	600
23.00	51.00	329	344	597
23.00	51.00	320	344	611
23.00	51.00	322	343	591
23.00	51.00	329	343	608
23.00	51.00	325	344	600
23.00	51.00	319	344	595
23.00	51.00	329	344	611
23.00	51.00	328	344	591
23.00	51.00	318	344	609
23.00	51.00	326	343	600
23.00	51.00	329	343	596
23.00	51.00	320	344	612
23.00	51.00	322	344	590
23.00	51.00	330	343	608
23.00	51.00	324	343	601
23.00	51.00	319	344	596
23.00	51.00	329	343	611
23.00	51.00	328	343	590
23.00	51.00	318	343	608
23.00	51.00	326	343	600
23.00	51.00	330	344	596
23.00	51.00	320	343	611
23.00	51.00	322	344	591
23.00	51.00	329	344	609
23.00	51.00	325	343	599
23.00	51.00	319	344	597
23.00	51.00	329	343	612
23.00	51.00	328	343	591
23.00	51.00	318	343	609
23.00	51.00	326	344	600
23.00	51.00	330	343	597
23.00	51.00	321	344	611
23.00	51.00	322	345	590
23.00	51.00	329	343	608
23.00	51.00	325	344	601
23.00	51.00	319	344	596
23.00	51.00	329	344	612
23.00	51.00	328	344	591
23.00	51.00	318	344	610
23.00	51.00	327	344	601
23.00	51.00	330	344	597
23.00	51.00	321	344	612
23.00	51.00	323	343	592
23.00	51.00	330	343	609
23.00	51.00	326	343	601
23.00	51.00	319	344	596
23.00	51.00	330	344	613
23.00	51.00	329	344	592
23.00	51.00	318	344	610
23.00	51.00	327	344	602
23.00	51.00	330	345	595
23.00	51.00	321	344	613
23.00	51.00	323	344	591
23.00	51.00	330	344	609
23.00	51.00	325	344	602
23.00	51.00	320	343	596
23.00	51.00	329	343	612
23.00	51.00	329	344	591
23.00	51.00	319	345	608
23.00	51.00	326	344	601
23.00	51.00	331	344	597
23.00	51.00	321	344	613
23.00	51.00	323	344	593
23.00	51.00	330	343	609
23.00	51.00	326	344	601
23.00	51.00	320	344	596
23.00	51.00	329	344	613
23.00	51.00	329	344	592
23.00	51.00	318	344	608
23.00	51.00	327	343	601
23.00	51.00	330	344	597
23.00	51.00	321	344	613
23.00	51.00	321	335	595
23.00	51.00	330	344	608
23.00	51.00	329	343	606
23.00	51.00	329	344	595
23.00	51.00	329	343	594
23.00	51.00	324	344	601
23.00	51.00	319	343	596
23.00	51.00	328	343	611
23.00	51.00	328	343	591
23.00	51.00	318	343	608
23.00	51.00	327	343	601
23.00	51.00	329	343	596
23.00	51.00	320	344	612
23.00	51.00	322	344	591
23.00	51.00	329	343	608
23.00	51.00	324	343	601
23.00	51.00	318	343	595
23.00	51.00	329	344	612
23.00	51.00	328	344	590
23.00	51.00	318	344	607
23.00	51.00	326	343	600
23.00	51.00	329	344	595
23.00	51.00	321	344	613
23.00	51.00	322	344	591
23.00	51.00	330	344	608
23.00	51.00	325	344	602
23.00	51.00	319	343	595
23.00	51.00	329	343	613
23.00	51.00	328	345	591
23.00	51.00	317	343	608
23.00	51.00	326	344	601
23.00	51.00	329	344	596
23.00	51.00	320	343	612
23.00	51.00	323	344	590
23.00	51.00	330	343	608
23.00	51.00	325	344	602
23.00	51.00	319	343	595
23.00	51.00	329	344	613
23.00	51.00	329	343	591
23.00	51.00	318	344	608
23.00	51.00	326	343	601
23.00	51.00	330	344	595
23.00	51.00	320	343	612
23.00	51.00	322	343	591
23.00	51.00	330	345	608
23.00	51.00	325	344	603
23.00	51.00	320	344	596
23.00	51.00	329	344	613
23.00	51.00	328	344	593
23.00	51.00	318	344	609
23.00	51.00	327	343	602
23.00	51.00	330	343	596
23.00	51.00	321	344	614
23.00	51.00	323	344	592
23.00	51.00	331	345	608
23.00	51.00	325	344	602
23.00	51.00	320	343	597
23.00	51.00	330	344	614
23.00	51.00	329	344	591
23.00	51.00	318	344	608
23.00	51.00	327	343	602
23.00	51.00	331	343	597
23.00	51.00	321	344	613
23.00	51.00	323	344	592
23.00	51.00	331	344	608
23.00	51.00	324	344	602
23.00	51.00	320	344	595
23.00	51.00	330	345	613
23.00	51.00	328	343	591
23.00	51.00	319	344	608
23.00	51.00	327	345	602
23.00	51.00	330	344	596
23.00	51.00	321	343	613
23.00	51.00	323	344	591
23.00	51.00	331	343	609
23.00	51.00	325	343	602
23.00	51.00	320	344	595
23.00	51.00	329	344	613
23.00	51.00	311	334	595
23.00	51.00	320	343	610
23.00	51.00	321	342	601
23.00	51.00	319	343	598
23.00	51.00	321	344	591
23.00	51.00	326	344	602
23.00	51.00	329	342	595
23.00	51.00	320	343	612
23.00	51.00	322	344	590
23.00	51.00	330	343	607
23.00	51.00	325	342	602
23.00	51.00	319	344	594
23.00	51.00	329	343	612
23.00	51.00	328	344	591
23.00	51.00	318	343	607
23.00	51.00	326	344	601
23.00	51.00	329	344	594
23.00	51.00	320	344	612
23.00	51.00	322	343	590
23.00	51.00	330	344	607
23.00	51.00	324	343	601
23.00	51.00	318	343	595
23.00	51.00	329	343	612
23.00	51.00	328	343	592
23.00	51.00	318	343	608
23.00	51.00	326	343	603
23.00	51.00	330	344	595
23.00	51.00	320	343	613
23.00	51.00	323	344	591
23.00	51.00	330	343	607
23.00	51.00	324	344	603
23.00	51.00	319	343	596
23.00	51.00	329	344	612
23.00	51.00	328	343	592
23.00	51.00	319	344	608
23.00	51.00	326	343	603
23.00	51.00	330	343	596
23.00	51.00	319	344	613
23.00	51.00	322	344	592
23.00	51.00	330	343	607
23.00	51.00	324	344	603
23.00	51.00	319	344	595
23.00	51.00	329	344	613
23.00	51.00	328	343	592
23.00	51.00	319	344	608
23.00	51.00	327	344	602
23.00	51.00	330	344	596
23.00	51.00	320	344	613
23.00	51.00	323	344	592
23.00	51.00	331	344	608
23.00	51.00	324	345	602
23.00	51.00	320	344	595
23.00	51.00	330	343	613
23.00	51.00	328	344	591
23.00	51.00	319	343	608
23.00	51.00	327	344	603
23.00	51.00	330	344	595
23.00	51.00	321	344	614
23.00	51.00	323	343	591
23.00	51.00	330	344	607
23.00	51.00	325	344	603
23.00	51.00	320	344	596
23.00	51.00	330	343	614
23.00	51.00	329	344	591
23.00	51.00	318	344	608
23.00	51.00	327	344	604
23.00	51.00	330	344	595
23.00	51.00	321	343	613
23.00	51.00	324	345	592
23.00	51.00	330	343	606
23.00	51.00	325	344	604
23.00	51.00	320	345	595
23.00	51.00	329	343	613
23.00	51.00	328	344	593
23.00	51.00	319	344	607
23.00	51.00	328	343	604
23.00	51.00	330	344	596
23.00	51.00	320	344	613
23.00	51.00	322	335	597
23.00	51.00	329	343	607
23.00	51.00	331	344	601
23.00	51.00	329	344	594
23.00	51.00	331	343	592
23.00	51.00	324	343	603
23.00	51.00	319	342	594
23.00	51.00	329	342	613
23.00	51.00	328	343	592
23.00	51.00	317	343	605
23.00	51.00	327	343	603
23.00	51.00	330	344	595
23.00	51.00	320	344	612
23.00	51.00	323	344	592
23.00	51.00	330	344	606
23.00	51.00	324	343	603
23.00	51.00	320	344	593
23.00	51.00	329	344	612
23.00	51.00	328	344	591
23.00	51.00	317	344	605
23.00	51.00	327	344	602
23.00	51.00	329	343	594
23.00	51.00	319	345	612
23.00	51.00	323	343	591
23.00	51.00	330	343	605
23.00	51.00	324	343	602
23.00	51.00	320	344	594
23.00	51.00	330	344	614
23.00	51.00	327	343	592
23.00	51.00	318	344	606
23.00	51.00	327	344	603
23.00	51.00	330	343	594
23.00	51.00	320	344	613
23.00	51.00	324	344	591
23.00	51.00	330	344	606
23.00	51.00	324	343	603
23.00	51.00	320	343	594
23.00	51.00	329	344	613
23.00	51.00	328	343	593
23.00	51.00	318	343	606
23.00	51.00	327	345	603
23.00	51.00	329	344	594
23.00	51.00	320	344	614
23.00	51.00	323	344	591
23.00	51.00	330	343	606
23.00	51.00	324	344	603
23.00	51.00	320	344	594
23.00	51.00	330	344	614
23.00	51.00	328	345	592
23.00	51.00	319	343	607
23.00	51.00	328	344	605
23.00	51.00	330	344	594
23.00	51.00	321	343	614
23.00	51.00	324	344	592
23.00	51.00	331	343	606
23.00	51.00	324	344	604
23.00	51.00	320	343	594
23.00	51.00	330	344	613
23.00	51.00	328	344	592
23.00	51.00	319	345	605
23.00	51.00	328	344	605
23.00	51.00	330	344	595
23.00	51.00	321	343	614
23.00	51.00	323	343	592
23.00	51.00	331	344	606
23.00	51.00	325	344	604
23.00	51.00	320	345	594
23.00	51.00	330	345	614
23.00	51.00	328	344	592
23.00	51.00	318	344	606
23.00	51.00	327	344	605
23.00	51.00	330	344	595
23.00	51.00	320	344	615
23.00	51.00	324	344	593
23.00	51.00	331	344	606
23.00	51.00	324	344	604
23.00	51.00	320	343	595
23.00	51.00	330	344	614
23.00	51.00	311	334	594
23.00	51.00	321	343	613
23.00	51.00	318	344	603
23.00	51.00	319	344	601
23.00	51.00	323	342	593
23.00	51.00	327	344	604
23.00	51.00	330	344	593
23.00	51.00	319	343	613
23.00	51.00	324	344	591
23.00	51.00	330	343	605
23.00	51.00	323	343	603
23.00	51.00	320	343	593
23.00	51.00	328	343	613
23.00	51.00	327	344	592
23.00	51.00	318	343	604
23.00	51.00	328	343	605
23.00	51.00	329	343	594
23.00	51.00	320	344	613
23.00	51.00	323	344	592
23.00	51.00	330	343	604
23.00	51.00	323	344	604
23.00	51.00	319	343	593
23.00	51.00	330	344	613
23.00	51.00	327	343	592
23.00	51.00	318	344	604
23.00	51.00	327	344	604
23.00	51.00	330	344	594
23.00	51.00	320	343	614
23.00	51.00	323	343	592
23.00	51.00	330	343	605
23.00	51.00	323	343	605
23.00	51.00	320	343	593
23.00	51.00	330	343	614
23.00	51.00	328	344	593
23.00	51.00	318	344	605
23.00	51.00	328	344	605
23.00	51.00	329	344	594
23.00	51.00	319	343	614
23.00	51.00	323	343	593
23.00	51.00	330	343	604
23.00	51.00	323	344	604
23.00	51.00	320	344	593
23.00	51.00	329	343	613
23.00	51.00	328	344	593
23.00	51.00	319	344	605
23.00	51.00	328	344	606
23.00	51.00	330	344	594
23.00	51.00	320	344	615
23.00	51.00	324	344	594
23.00	51.00	330	344	605
23.00	51.00	323	344	606
23.00	51.00	320	344	593
23.00	51.00	330	344	615
23.00	51.00	328	344	595
23.00	51.00	318	343	604
23.00	51.00	328	343	606
23.00	51.00	331	343	594
23.00	51.00	320	344	614
23.00	51.00	325	344	594
23.00	51.00	330	345	605
23.00	51.00	324	344	607
23.00	51.00	320	344	593
23.00	51.00	330	344	615
23.00	51.00	327	345	593
23.00	51.00	319	344	605
23.00	51.00	328	344	607
23.00	51.00	331	343	593
23.00	51.00	320	345	614
23.00	51.00	324	343	593
23.00	51.00	331	344	605
23.00	51.00	323	345	606
23.00	51.00	320	344	594
23.00	51.00	330	344	615
23.00	51.00	327	344	595
23.00	51.00	319	344	604
23.00	51.00	328	344	607
23.00	51.00	330	343	594
23.00	51.00	320	343	614
23.00	51.00	322	335	592
23.00	51.00	330	343	601
23.00	51.00	331	344	598
23.00	51.00	329	344	591
23.00	51.00	329	343	591
23.00	51.00	324	344	606
23.00	51.00	320	344	592
23.00	51.00	330	343	613
23.00	51.00	327	344	593
23.00	51.00	318	343	602
23.00	51.00	328	343	606
23.00	51.00	329	343	592
23.00	51.00	319	343	613
23.00	51.00	324	344	593
23.00	51.00	329	343	601
23.00	51.00	322	343	607
23.00	51.00	320	344	592
23.00	51.00	330	344	613
23.00	51.00	327	344	594
23.00	51.00	318	343	602
23.00	51.00	328	343	607
23.00	51.00	330	344	593
23.00	51.00	319	343	614
23.00	51.00	324	344	594
23.00	51.00	330	344	602
23.00	51.00	322	343	608
23.00	51.00	320	343	592
23.00	51.00	329	343	614
23.00	51.00	327	343	595
23.00	51.00	318	344	601
23.00	51.00	328	344	607
23.00	51.00	330	343	593
23.00	51.00	320	344	614
23.00	51.00	324	343	594
23.00	51.00	330	344	601
23.00	51.00	323	344	607
23.00	51.00	321	344	591
23.00	51.00	330	344	613
23.00	51.00	327	343	595
23.00	51.00	319	343	602
23.00	51.00	328	343	608
23.00	51.00	330	343	592
23.00	51.00	320	343	613
23.00	51.00	324	344	595
23.00	51.00	330	344	601
23.00	51.00	323	345	609
23.00	51.00	321	344	593
23.00	51.00	330	345	614
23.00	51.00	327	345	595
23.00	51.00	318	344	601
23.00	51.00	328	344	609
23.00	51.00	330	343	592
23.00	51.00	320	343	613
23.00	51.00	325	345	596
23.00	51.00	330	344	601
23.00	51.00	323	343	610
23.00	51.00	321	344	592
23.00	51.00	330	343	614
23.00	51.00	328	345	596
23.00	51.00	318	343	601
23.00	51.00	329	344	609
23.00	51.00	330	345	592
23.00	51.00	320	344	614
23.00	51.00	325	344	595
23.00	51.00	331	344	600
23.00	51.00	323	344	610
23.00	51.00	322	344	592
23.00	51.00	330	344	614
23.00	51.00	328	344	597
23.00	51.00	319	344	601
23.00	51.00	329	343	610
23.00	51.00	330	344	592
23.00	51.00	319	344	613
23.00	51.00	326	344	597
23.00	51.00	330	344	601
23.00	51.00	323	344	610
23.00	51.00	322	344	592
23.00	51.00	331	344	614
23.00	51.00	311	335	588
23.00	51.00	320	343	607
23.00	51.00	321	343	597
23.00	51.00	322	344	595
23.00	51.00	322	343	591
23.00	51.00	329	344	610
23.00	51.00	329	343	590
23.00	51.00	319	344	613
23.00	51.00	326	344	596
23.00	51.00	330	343	599
23.00	51.00	322	343	609
23.00	51.00	321	344	591
23.00	51.00	329	343	612
23.00	51.00	325	344	597
23.00	51.00	318	344	599
23.00	51.00	328	343	610
23.00	51.00	328	343	590
23.00	51.00	318	344	612
23.00	51.00	325	343	596
23.00	51.00	330	343	598
23.00	51.00	322	343	610
23.00	51.00	321	344	590
23.00	51.00	330	343	612
23.00	51.00	326	343	597
23.00	51.00	318	343	599
23.00	51.00	329	344	610
23.00	51.00	330	343	592
23.00	51.00	318	343	612
23.00	51.00	325	344	598
23.00	51.00	330	343	599
23.00	51.00	322	344	611
23.00	51.00	321	343	591
23.00	51.00	330	343	611
23.00	51.00	326	343	599
23.00	51.00	319	343	599
23.00	51.00	329	343	611
23.00	51.00	329	344	592
23.00	51.00	319	344	611
23.00	51.00	326	344	598
23.00	51.00	330	344	598
23.00	51.00	321	344	610
23.00	51.00	321	343	591
23.00	51.00	331	343	611
23.00	51.00	326	344	598
23.00	51.00	320	343	599
23.00	51.00	329	344	612
23.00	51.00	330	344	592
23.00	51.00	319	344	612
23.00	51.00	326	344	599
23.00	51.00	330	344	599
23.00	51.00	322	344	612
23.00	51.00	322	344	591
23.00	51.00	331	343	612
23.00	51.00	326	344	600
23.00	51.00	319	343	598
23.00	51.00	330	345	613
23.00	51.00	329	344	591
23.00	51.00	319	343	611
23.00	51.00	326	345	599
23.00	51.00	330	345	598
23.00	51.00	322	344	612
23.00	51.00	322	345	591
23.00	51.00	331	344	611
23.00	51.00	326	344	601
23.00	51.00	319	345	597
23.00	51.00	329	345	612
23.00	51.00	329	344	591
23.00	51.00	319	343	610
23.00	51.00	327	344	601
23.00	51.00	330	345	598
23.00	51.00	321	344	612
23.00	51.00	323	345	591
23.00	51.00	331	344	610
23.00	51.00	326	344	601
23.00	51.00	319	345	596
23.00	51.00	329	343	612
23.00	51.00	329	344	592
23.00	51.00	319	344	610
23.00	51.00	322	334	585
23.00	51.00	329	343	594
23.00	51.00	331	344	593
23.00	51.00	327	344	592
23.00	51.00	328	344	593
23.00	51.00	321	344	611
23.00	51.00	322	344	591
23.00	51.00	329	344	609
23.00	51.00	324	344	600
23.00	51.00	319	344	595
23.00	51.00	329	343	611
23.00	51.00	328	343	591
23.00	51.00	318	343	608
23.00	51.00	326	343	600
23.00	51.00	330	343	595
23.00	51.00	321	344	613
23.00	51.00	322	344	591
23.00	51.00	330	343	609
23.00	51.00	325	344	601
23.00	51.00	319	342	595
23.00	51.00	329	344	613
23.00	51.00	328	344	590
23.00	51.00	318	343	608
23.00	51.00	326	344	601
23.00	51.00	329	344	595
23.00	51.00	321	344	614
23.00	51.00	323	344	591
23.00	51.00	330	343	607
23.00	51.00	325	344	603
23.00	51.00	319	345	594
23.00	51.00	330	343	614
23.00	51.00	328	344	591
23.00	51.00	318	344	608
23.00	51.00	327	344	603
23.00	51.00	330	344	595
23.00	51.00	320	343	612
23.00	51.00	323	344	591
23.00	51.00	330	344	606
23.00	51.00	324	343	604
23.00	51.00	320	343	594
23.00	51.00	329	343	613
23.00	51.00	329	344	592
23.00	51.00	318	344	606
23.00	51.00	327	343	604
23.00	51.00	330	344	595
23.00	51.00	320	344	613
23.00	51.00	323	343	593
23.00	51.00	331	344	607
23.00	51.00	324	343	604
23.00	51.00	321	344	596
23.00	51.00	330	344	614
23.00	51.00	329	344	593
23.00	51.00	318	344	607
23.00	51.00	327	345	604
23.00	51.00	330	344	595
23.00	51.00	320	345	614
23.00	51.00	324	344	594
23.00	51.00	331	345	607
23.00	51.00	325	345	605
23.00	51.00	321	344	595
23.00	51.00	330	345	615
23.00	51.00	329	343	593
23.00	51.00	319	344	606
23.00	51.00	328	344	606
23.00	51.00	330	344	594
23.00	51.00	321	345	614
23.00	51.00	324	344	592
23.00	51.00	331	344	605
23.00	51.00	324	344	605
23.00	51.00	320	344	594
23.00	51.00	329	344	614
23.00	51.00	328	345	593
23.00	51.00	319	344	605
23.00	51.00	328	345	606
23.00	51.00	330	344	595
23.00	51.00	320	344	613
23.00	51.00	325	343	594
23.00	51.00	330	344	604
23.00	51.00	312	334	580
23.00	51.00	318	344	597
23.00	51.00	321	344	591
23.00	51.00	322	342	591
23.00	51.00	325	343	595
23.00	51.00	330	344	613
23.00	51.00	327	343	593
23.00	51.00	317	344	602
23.00	51.00	328	343	606
23.00	51.00	329	343	592
23.00	51.00	320	344	613
23.00	51.00	323	343	593
23.00	51.00	330	344	603
23.00	51.00	322	343	606
23.00	51.00	320	343	592
23.00	51.00	330	343	614
23.00	51.00	327	343	593
23.00	51.00	318	344	603
23.00	51.00	327	344	606
23.00	51.00	329	343	592
23.00	51.00	320	344	614
23.00	51.00	324	343	594
23.00	51.00	329	344	602
23.00	51.00	323	344	607
23.00	51.00	320	344	592
23.00	51.00	330	344	614
23.00	51.00	327	344	595
23.00	51.00	318	344	602
23.00	51.00	328	344	607
23.00	51.00	330	343	593
23.00	51.00	320	344	614
23.00	51.00	325	345	594
23.00	51.00	330	343	602
23.00	51.00	323	345	608
23.00	51.00	320	344	592
23.00	51.00	330	344	613
23.00	51.00	328	344	595
23.00	51.00	318	345	602
23.00	51.00	329	343	609
23.00	51.00	330	343	592
23.00	51.00	319	343	614
23.00	51.00	325	344	595
23.00	51.00	330	344	600
23.00	51.00	323	344	608
23.00	51.00	321	345	592
23.00	51.00	330	343	614
23.00	51.00	328	345	596
23.00	51.00	319	344	600
23.00	51.00	329	345	608
23.00	51.00	330	344	592
23.00	51.00	320	344	614
23.00	51.00	325	345	596
23.00	51.00	331	345	601
23.00	51.00	323	344	609
23.00	51.00	322	345	592
23.00	51.00	331	345	613
23.00	51.00	328	344	596
23.00	51.00	319	345	601
23.00	51.00	329	344	609
23.00	51.00	329	344	591
23.00	51.00	320	344	613
23.00	51.00	326	343	597
23.00	51.00	331	344	600
23.00	51.00	323	344	609
23.00	51.00	322	343	591
23.00	51.00	330	343	612
23.00	51.00	327	345	596
23.00	51.00	319	344	599
23.00	51.00	330	344	610
23.00	51.00	329	344	590
23.00	51.00	319	343	613
23.00	51.00	326	344	596
23.00	51.00	331	345	598
23.00	51.00	323	344	610
23.00	51.00	321	345	590
23.00	51.00	331	344	612
23.00	51.00	327	344	598
23.00	51.00	319	344	598
23.00	51.00	322	335	576
23.00	51.00	329	343	589
23.00	51.00	326	343	598
23.00	51.00	322	344	607
23.00	51.00	322	343	613
23.00	51.00	321	344	606
23.00	51.00	325	343	597
23.00	51.00	330	343	597
23.00	51.00	322	344	610
23.00	51.00	321	343	590
23.00	51.00	330	344	611
23.00	51.00	326	343	598
23.00	51.00	318	344	597
23.00	51.00	329	344	611
23.00	51.00	329	344	591
23.00	51.00	318	344	609
23.00	51.00	326	344	598
23.00	51.00	330	343	596
23.00	51.00	321	344	610
23.00	51.00	321	343	591
23.00	51.00	330	343	609
23.00	51.00	325	343	598
23.00	51.00	319	343	596
23.00	51.00	329	344	610
23.00	51.00	329	344	590
23.00	51.00	318	344	610
23.00	51.00	326	344	598
23.00	51.00	331	344	597
23.00	51.00	322	344	613
23.00	51.00	322	344	591
23.00	51.00	330	344	608
23.00	51.00	326	343	600
23.00	51.00	319	343	595
23.00	51.00	330	343	611
23.00	51.00	328	343	590
23.00	51.00	319	343	608
23.00	51.00	327	344	599
23.00	51.00	331	343	595
23.00	51.00	321	343	611
23.00	51.00	323	345	589
23.00	51.00	330	344	607
23.00	51.00	325	344	599
23.00	51.00	319	343	593
23.00	51.00	329	343	612
23.00	51.00	329	345	590
23.00	51.00	318	344	608
23.00	51.00	327	344	601
23.00	51.00	330	344	593
23.00	51.00	321	344	612
23.00	51.00	323	344	591
23.00	51.00	331	343	607
23.00	51.00	326	343	601
23.00	51.00	320	345	594
23.00	51.00	330	345	613
23.00	51.00	329	345	590
23.00	51.00	318	344	607
23.00	51.00	327	343	601
23.00	51.00	331	343	593
23.00	51.00	321	345	612
23.00	51.00	323	344	589
23.00	51.00	331	345	606
23.00	51.00	325	344	602
23.00	51.00	320	344	593
23.00	51.00	330	345	613
23.00	51.00	329	344	590
23.00	51.00	319	344	606
23.00	51.00	327	345	602
23.00	51.00	331	344	593
23.00	51.00	321	345	612
23.00	51.00	324	344	590
23.00	51.00	331	343	605
23.00	51.00	325	345	602
23.00	51.00	320	344	593
23.00	51.00	331	344	613
23.00	51.00	329	344	591
23.00	51.00	319	345	605
23.00	51.00	328	345	603
23.00	51.00	330	344	592
23.00	51.00	313	335	573
23.00	51.00	323	344	587
23.00	51.00	327	344	592
23.00	51.00	327	344	595
23.00	51.00	330	344	607
23.00	51.00	329	344	603
23.00	51.00	324	344	603
23.00	51.00	320	344	591
23.00	51.00	329	344	612
23.00	51.00	328	344	591
23.00	51.00	318	344	602
23.00	51.00	328	344	604
23.00	51.00	330	344	591
23.00	51.00	320	344	612
23.00	51.00	324	344	590
23.00	51.00	330	344	602
23.00	51.00	323	343	604
23.00	51.00	321	343	591
23.00	51.00	330	344	612
23.00	51.00	328	343	591
23.00	51.00	318	344	601
23.00	51.00	327	344	604
23.00	51.00	330	344	591
23.00	51.00	320	344	612
23.00	51.00	324	344	590
23.00	51.00	331	344	600
23.00	51.00	323	344	605
23.00	51.00	320	344	591
23.00	51.00	330	343	613
23.00	51.00	327	343	592
23.00	51.00	319	343	601
23.00	51.00	328	344	606
23.00	51.00	330	344	590
23.00	51.00	320	344	613
23.00	51.00	325	343	592
23.00	51.00	330	344	601
23.00	51.00	323	343	605
23.00	51.00	320	343	589
23.00	51.00	330	344	613
23.00	51.00	327	344	592
23.00	51.00	318	344	599
23.00	51.00	328	343	607
23.00	51.00	330	344	590
23.00	51.00	320	344	613
23.00	51.00	325	344	593
23.00	51.00	330	344	600
23.00	51.00	322	344	608
23.00	51.00	321	344	590
23.00	51.00	330	344	613
23.00	51.00	327	344	593
23.00	51.00	320	344	600
23.00	51.00	329	345	607
23.00	51.00	330	344	590
23.00	51.00	319	345	613
23.00	51.00	325	345	594
23.00	51.00	331	345	600
23.00	51.00	323	345	609
23.00	51.00	321	344	589
23.00	51.00	331	345	612
23.00	51.00	327	345	594
23.00	51.00	319	344	599
23.00	51.00	329	344	609
23.00	51.00	330	343	590
23.00	51.00	320	344	613
23.00	51.00	325	345	594
23.00	51.00	331	345	599
23.00	51.00	323	344	609
23.00	51.00	322	345	590
23.00	51.00	330	344	612
23.00	51.00	328	345	596
23.00	51.00	319	344	597
23.00	51.00	329	345	608
23.00	51.00	330	344	590
23.00	51.00	320	344	612
23.00	51.00	326	344	595
23.00	51.00	331	344	597
23.00	51.00	322	344	611
23.00	51.00	322	345	590
23.00	50.00	321	335	574
23.00	50.00	327	343	593
23.00	50.00	323	344	605
23.00	50.00	325	345	607
23.00	50.00	322	343	613
23.00	50.00	320	344	597
23.00	50.00	329	344	608
23.00	50.00	330	343	589
23.00	50.00	319	344	609
23.00	50.00	326	345	596
23.00	50.00	331	343	596
23.00	50.00	322	345	609
23.00	50.00	322	344	589
23.00	50.00	330	343	610
23.00	50.00	326	343	596
23.00	50.00	319	344	596
23.00	50.00	329	344	610
23.00	50.00	329	344	587
23.00	50.00	319	344	610
23.00	50.00	326	345	596
23.00	50.00	330	344	594
23.00	50.00	321	343	609
23.00	50.00	322	344	588
23.00	50.00	330	343	609
23.00	50.00	326	343	598
23.00	50.00	319	344	595
23.00	50.00	329	344	611
23.00	50.00	329	344	588
23.00	50.00	319	344	608
23.00	50.00	327	344	598
23.00	50.00	331	344	595
23.00	50.00	321	343	611
23.00	50.00	323	343	589
23.00	50.00	315	345	608
23.00	50.00	21	0	11
23.00	50.00	0	0	11
23.00	50.00	0	0	13
23.00	50.00	0	0	12
23.00	50.00	0	0	11
23.00	50.00	0	0	12
23.00	50.00	0	0	12
23.00	50.00	1	2	12
23.00	50.00	23	41	12
23.00	50.00	34	59	13
23.00	50.00	34	57	12
23.00	50.00	34	51	12
23.00	50.00	16	18	12
23.00	50.00	0	0	12
23.00	50.00	0	0	12
23.00	50.00	0	0	12
23.00	50.00	0	0	12
23.00	50.00	0	0	12
23.00	50.00	0	0	11
23.00	50.00	7	5	12
23.00	50.00	29	45	11
23.00	50.00	34	59	12
23.00	50.00	34	57	12
23.00	50.00	34	51	12
23.00	50.00	13	16	11
23.00	50.00	0	0	13
23.00	50.00	0	0	12
23.00	50.00	0	0	13
23.00	50.00	0	0	13
23.00	50.00	0	0	11
23.00	50.00	1	1	13
23.00	50.00	5	13	11
23.00	50.00	30	52	13
23.00	50.00	38	58	12
23.00	50.00	34	54	12
23.00	50.00	32	47	12
23.00	50.00	0	0	12
23.00	50.00	0	0	13
23.00	50.00	0	0	12
23.00	50.00	0	0	12
23.00	50.00	0	0	11
23.00	50.00	0	0	12
23.00	50.00	0	0	12
23.00	50.00	0	0	12
23.00	50.00	16	28	12
23.00	50.00	33	60	11
23.00	50.00	34	57	13
23.00	50.00	36	53	11
23.00	50.00	24	32	12
23.00	50.00	0	0	12
23.00	50.00	0	0	13
23.00	50.00	0	0	12
23.00	50.00	0	0	13
nan	nan	28	44	11
nan	nan	38	59	12
nan	nan	39	65	12
nan	nan	37	63	12
nan	nan	36	62	13
nan	nan	36	57	12
nan	nan	37	57	12
nan	nan	31	56	12
nan	nan	25	46	10
nan	nan	8	10	13
nan	nan	0	0	13
nan	nan	0	0	12
nan	nan	0	0	12
nan	nan	0	0	12
nan	nan	0	0	12
nan	nan	9	11	12
nan	nan	17	27	12
nan	nan	35	63	12
nan	nan	38	61	12
nan	nan	37	60	12
nan	nan	37	58	11
nan	nan	35	55	12
nan	nan	34	53	12
nan	nan	31	49	12
nan	nan	16	23	12
nan	nan	0	0	12
nan	nan	0	0	12
nan	nan	0	0	11
nan	nan	0	0	12
nan	nan	0	0	12
nan	nan	4	5	12
nan	nan	26	44	12
nan	nan	36	61	12
nan	nan	38	61	12
nan	nan	37	60	12
nan	nan	38	58	12
nan	nan	35	55	12
nan	nan	33	52	12
nan	nan	25	40	12
nan	nan	7	5	10
nan	nan	0	0	11
nan	nan	0	0	11
nan	nan	0	0	13
nan	nan	0	0	12
nan	nan	0	0	12
nan	nan	13	20	11
nan	nan	22	36	12
nan	nan	36	63	12
nan	nan	38	62	12
nan	nan	38	59	12
nan	nan	36	57	12
nan	nan	36	55	12
nan	nan	35	53	12
